0.74984 0.406524
0.717269 0.446995
0.72364 0.444328
0.464869 0.44253
0.601187 0.408924
0.808679 0.351493
0.592659 0.305666
0.440899 0.31117
0.715109 0.376397
0.686958 0.411787
0.909135 0.326518
0.774801 0.40458
0.579784 0.400036
0.572635 0.634431
0.563573 0.649686
0.600721 0.407782
0.83108 0.459474
0.828704 0.571675
0.579554 0.430078
0.555935 0.438164
0.425956 0.451236
0.60331 0.442875
0.401757 0.624433
0.550143 0.425273
0.422968 0.330957
0.298536 0.583837
0.673226 0.479636
0.636587 0.340766
0.510136 0.371207
0.212979 0.328352
0.413508 0.426212
0.870061 0.403112
0.264514 0.42014
0.867151 0.361399
0.638461 0.413149
0.492668 0.411318
0.554846 0.437269
0.727968 0.495516
0.595333 0.569905
0.653891 0.394144
0.739868 0.589053
0.746804 0.360535
0.641684 0.374735
0.507478 0.320147
0.747969 0.480308
0.377222 0.584417
0.633061 0.432164
0.550212 0.486822
0.532571 0.600734
0.59376 0.458203
0.766999 0.542066
0.3892 0.480709
0.553339 0.388797
0.877622 0.453399
0.586084 0.402636
0.725743 0.282788
0.300693 0.495796
0.310427 0.347636
0.506038 0.438405
0.510606 0.535853
0.267823 0.431405
0.489613 0.418911
0.721435 0.293813
0.789142 0.413911
0.767667 0.487235
0.597097 0.359169
0.386289 0.591024
0.444065 0.426924
0.337805 0.326421
0.629384 0.406506
0.769247 0.418146
0.526428 0.200567
0.560041 0.673935
0.552526 0.434559
0.737383 0.424687
0.47551 0.418092
0.722322 0.383951
0.607702 0.514292
0.538585 0.414023
0.488513 0.530592
0.550517 0.53009
0.635791 0.532154
0.740852 0.581018
0.260693 0.379321
0.558833 0.635149
0.802506 0.400505
0.383712 0.254134
0.90327 0.510156
0.587973 0.26646
0.601755 0.311803
0.487848 0.413565
0.269531 0.58643
0.509745 0.206616
0.530063 0.480585
0.564542 0.380647
0.545246 0.365818
0.354189 0.551764
0.485719 0.400297
0.498848 0.672472
0.678069 0.455561
