0.37492 0.217393
0.358635 0.247746
0.36182 0.245746
0.232434 0.244397
0.300593 0.219193
0.40434 0.17612
0.296329 0.14175
0.22045 0.145878
0.357555 0.194798
0.343479 0.22134
0.454568 0.157389
0.3874 0.215935
0.289892 0.212527
0.286317 0.388323
0.281786 0.399765
0.30036 0.218337
0.41554 0.257106
0.414352 0.341256
0.289777 0.235059
0.277968 0.241123
0.212978 0.250927
0.301655 0.244656
0.200879 0.380825
0.275072 0.231455
0.211484 0.160718
0.149268 0.350378
0.336613 0.272227
0.318293 0.168075
0.255068 0.190905
0.10649 0.158764
0.206754 0.232159
0.435031 0.214834
0.132257 0.227605
0.433575 0.18355
0.31923 0.222362
0.246334 0.220988
0.277423 0.240451
0.363984 0.284137
0.297666 0.339929
0.326945 0.208108
0.369934 0.354289
0.373402 0.182901
0.320842 0.193551
0.253739 0.15261
0.373984 0.272731
0.188611 0.350813
0.316531 0.236623
0.275106 0.277616
0.266285 0.36305
0.29688 0.256152
0.383499 0.319049
0.1946 0.273032
0.27667 0.204098
0.438811 0.25255
0.293042 0.214477
0.362871 0.124591
0.150347 0.284347
0.155214 0.173227
0.253019 0.241304
0.255303 0.31439
0.133912 0.236053
0.244806 0.226683
0.360718 0.13286
0.394571 0.222933
0.383833 0.277926
0.298548 0.181877
0.193144 0.355768
0.222033 0.232693
0.168903 0.157315
0.314692 0.217379
0.384624 0.22611
0.263214 0.0629253
0.28002 0.417951
0.276263 0.238419
0.368691 0.231015
0.237755 0.226069
0.361161 0.200463
0.303851 0.298219
0.269293 0.223017
0.244256 0.310444
0.275259 0.310068
0.317895 0.311615
0.370426 0.348263
0.130346 0.19699
0.279416 0.388862
0.401253 0.212879
0.191856 0.1031
0.451635 0.295117
0.293987 0.112345
0.300878 0.146353
0.243924 0.222674
0.134765 0.352323
0.254873 0.0674617
0.265031 0.272939
0.282271 0.197985
0.272623 0.186863
0.177094 0.326323
0.242859 0.212723
0.249424 0.416854
0.339035 0.254171
